algorithm: ivf
vectors: 20000
dimensions: 384
queries: 200
k: 10
n_clusters: 141
n_probe: 16
build_elapsed_ms: 1281.000
search_p50_ms: 0.808667
search_p95_ms: 1.154250
mean_recall_at_k: 0.288000
